528768
89846
445081593312
2219
209646
111
26595
1015
789651438
14692
9122
3383190
25677
3670536
667600848
486
7764
1764
1293651113216
3136
1944
170
213682
28577688
1890
5820
1044
53424
2777460
5100
8778231
3217
305370
190143
459648
624
50400
56909158
75600
31636800
18
28596021300
257040
4340361240
2057604
312
33840
225252726
117677
2070
146871
92160
378
124350
2680780
81432000
32973
1093
7182
12390677
829
37846
25597782
397103
118318448
1212
553
3910
678720
502656
196
1750
2382237
673571
660
228
11
23796
40832
154800
24272
2826952
975
35381534
228
146880
18477
11982208
71700867
48
12587702418
144
290871000
824
68
20520
165
622080
462
24
9945600
32559
70
10749
375
37021
594510
1635
58915
285936
336
20064
60723
3908578
14738
41239
31
2400
4656
201
649224
59
456
285948
602840818104
18
999
4760
1040
372
229152
478126
1106
309600
4350
24354153
49
408
18
230688
792
257
52
2349
16369
75
5565
4265
5120
3744
268436
73780233
1072
81626540
4402
48162
648
55953
176
26733
443700
22851
39046
16548982080
7060
515028
2587
12513
152
19491
1523440638720
5443206
2353178
1322
2464
23130
69552
34
47052
116546
825
935819
2759232
482905
648
403920
625045410
10274
967921
106568
112920
11936
549157392
689
237
380
41907
3997
371
10195
274780272
8001
330333
1147545
4
2401
17
141048
22846210
285
2379
438240
282240
314280
12136
17334
109172
19
90276849814
13
113685
33
1371
12624
6781325
1792560
152260
1834630583
321
2624
652
714
109835
28169
36
16767
3047
1848112245
45368
84870720
10024
108
209
155420496
2269805
524
280143
2458
2547
6132
2525774
77679
3639626900
6568
326820
12026880
770
119
127
432566
531518
12600
2366
1350
11
13959680
423360
14779
3811
5040204
1528806
10146
38939
2359740
720
184
954240
34
38220
42744
1697
11088
8660
13872
14403
1432
37
253
2474
6759717799608
4515840
337
160834
11901654
827
374
1214
6398955
31440
321411
185
400
504
58
789276
14112
2527354
1769
868
89
7977
720
1500
11
4662
1884
8975
115856
4116
117
873
5819
134880223952
11178
62955927888
142
1533
101438016
1620
52
52614936
7980
4963920
1105924
177965280
6009
1521
432
89007049260
18169
8232021
7764449
129899
106322
32256
135
13232
22648
3960
147
1836
59823
212160
472550184
3686
3159
769
38
18723
302690327
12912
724
62496
476328
416
35
241
40569984
568416
44688
133385
1200
1780
2124
